'''
	id="PsrA_Proteobacteria" 
	length="20" 
	nsites="39" 
	evalue="6.3e-198"
	url="http://regtransbase.lbl.gov/cgi-bin/regtransbase?page=alignment_browse"
'''	
	
A	C	G	T
0.48668	0.00054	0.00054	0.51225
0.00074	0.00054	0.00054	0.99818
0.00074	0.02611	0.12841	0.84473
0.12862	0.53762	0.02611	0.30765
0.99818	0.00054	0.00054	0.00074
0.89588	0.00054	0.00054	0.10304
0.99818	0.00054	0.00054	0.00074
0.00074	0.99798	0.00054	0.00074
0.64013	0.00054	0.35859	0.00074
0.38437	0.35859	0.12841	0.12862
0.23092	0.35859	0.23072	0.17977
0.00074	0.38417	0.02611	0.58898
0.00074	0.00054	0.99798	0.00074
0.00074	0.02611	0.00054	0.97261
0.02632	0.00054	0.00054	0.97261
0.00074	0.00054	0.00054	0.99818
0.28207	0.02611	0.5632	0.12862
0.81916	0.00054	0.00054	0.17977
0.15419	0.23072	0.05169	0.5634
0.28207	0.10284	0.02611	0.58898

'''
	id="RSc0472_Burkholderiales" 
	length="16" 
	nsites="20" 
	evalue="2.6e-108"
	url="http://regtransbase.lbl.gov/cgi-bin/regtransbase?page=alignment_browse"
'''

A	C	G	T
0.1507	0.00104	0.00104	0.84721
0.89697	0.10055	0.00104	0.00144
0.00144	0.00104	0.99607	0.00144
0.4492	0.39905	0.00104	0.1507
0.99647	0.00104	0.00104	0.00144
0.00144	0.99607	0.00104	0.00144
0.00144	0.00104	0.99607	0.00144
0.64821	0.00104	0.3493	0.00144
0.00144	0.44881	0.00104	0.54871
0.00144	0.99607	0.00104	0.00144
0.05119	0.00104	0.94632	0.00144
0.00144	0.00104	0.00104	0.99647
0.00144	0.00104	0.00104	0.99647
0.00144	0.99607	0.00104	0.00144
0.49895	0.0508	0.39905	0.05119
0.69796	0.1503	0.10055	0.05119

